[9871420]
[124106089]
[]
[78319901]
compound 1
compound 5i
[91810345, 139266770]
[]
compound 16
[]
[]
[]
[139035552, 134457551]
[160610, 2799717, 3761770, 120053, 88501, 136056, 70169, 735931, 329950, 765471]
[118647211]
[118166566]
[]
[118607832, 146026179]
[118647686, 118628567]
compound 24
[]
[91933845]
[68254185, 154701606]
[]
[441300]
[]
[]
[]
[124173720, 137795660]
[138454744, 89655386]
[]
[135564530, 135564531, 136603526]
[58442344]
[]
[]
[138319683, 2782446]
[]
[138319775]
[]
[15950826]
[]
[]
[]
[]
[202785]
[]
[57336276]
[155167581]
compound 28
[]
[73051434]
compound 20p
[]
[]
[]
[]
[121448788]
[]
[67527073, 11399764, 131801109, 76971350]
[]
[]
[]
[118120526]
compound 72
compound 20
[118432651, 118432652]
compound 13
[]
[132016492]